{
    "aabb_scale": 1,
    "camera_angle_y": 0.5061454772949219,
    "frames": [
        {
            "file_path": "nerf_img_rotateXY[0,0].png",
            "transform_matrix": [
                [
                    -1.0,
                    0.0,
                    -0.0,
                    0.0
                ],
                [
                    -0.0,
                    -4.371138828673793e-08,
                    -1.0,
                    -4.070034503936768
                ],
                [
                    -0.0,
                    -1.0,
                    4.371138828673793e-08,
                    1.5873014547196362e-07
                ],
                [
                    0.0,
                    0.0,
                    0.0,
                    1.0
                ]
            ]
        },
        {
            "file_path": "nerf_img_rotateXY[30,0].png",
            "transform_matrix": [
                [
                    -1.0,
                    0.0,
                    -0.0,
                    0.0
                ],
                [
                    -0.0,
                    0.4999999701976776,
                    -0.866025447845459,
                    -3.5247533321380615
                ],
                [
                    -0.0,
                    -0.866025447845459,
                    -0.4999999701976776,
                    -2.0350170135498047
                ],
                [
                    0.0,
                    0.0,
                    0.0,
                    1.0
                ]
            ]
        },
        {
            "file_path": "nerf_img_rotateXY[30,60].png",
            "transform_matrix": [
                [
                    -0.4999999701976776,
                    -0.7500000596046448,
                    -0.4330126941204071,
                    -1.7623765468597412
                ],
                [
                    -0.0,
                    0.4999999701976776,
                    -0.866025447845459,
                    -3.5247533321380615
                ],
                [
                    0.866025447845459,
                    -0.4330126941204071,
                    -0.2499999701976776,
                    -1.0175083875656128
                ],
                [
                    0.0,
                    0.0,
                    0.0,
                    1.0
                ]
            ]
        },
        {
            "file_path": "nerf_img_rotateXY[30,120].png",
            "transform_matrix": [
                [
                    0.5000000596046448,
                    -0.75,
                    -0.4330126643180847,
                    -1.7623764276504517
                ],
                [
                    -0.0,
                    0.4999999701976776,
                    -0.866025447845459,
                    -3.5247533321380615
                ],
                [
                    0.8660253882408142,
                    0.43301278352737427,
                    0.25,
                    1.017508625984192
                ],
                [
                    0.0,
                    0.0,
                    0.0,
                    1.0
                ]
            ]
        },
        {
            "file_path": "nerf_img_rotateXY[30,180].png",
            "transform_matrix": [
                [
                    1.0,
                    -7.571034643660823e-08,
                    -4.371138473402425e-08,
                    1.5873014547196362e-07
                ],
                [
                    -0.0,
                    0.4999999701976776,
                    -0.866025447845459,
                    -3.5247533321380615
                ],
                [
                    8.742277657347586e-08,
                    0.866025447845459,
                    0.4999999701976776,
                    2.0350170135498047
                ],
                [
                    0.0,
                    0.0,
                    0.0,
                    1.0
                ]
            ]
        },
        {
            "file_path": "nerf_img_rotateXY[30,240].png",
            "transform_matrix": [
                [
                    0.5000000596046448,
                    0.75,
                    0.4330126643180847,
                    1.7623765468597412
                ],
                [
                    -0.0,
                    0.4999999701976776,
                    -0.866025447845459,
                    -3.5247533321380615
                ],
                [
                    -0.8660253882408142,
                    0.43301278352737427,
                    0.25,
                    1.0175083875656128
                ],
                [
                    0.0,
                    0.0,
                    0.0,
                    1.0
                ]
            ]
        },
        {
            "file_path": "nerf_img_rotateXY[30,300].png",
            "transform_matrix": [
                [
                    -0.49999988079071045,
                    0.7500001192092896,
                    0.4330127239227295,
                    1.7623765468597412
                ],
                [
                    -0.0,
                    0.4999999701976776,
                    -0.866025447845459,
                    -3.5247533321380615
                ],
                [
                    -0.8660255074501038,
                    -0.43301263451576233,
                    -0.24999992549419403,
                    -1.0175083875656128
                ],
                [
                    0.0,
                    0.0,
                    0.0,
                    1.0
                ]
            ]
        },
        {
            "file_path": "nerf_img_rotateXY[60,0].png",
            "transform_matrix": [
                [
                    -1.0,
                    0.0,
                    -0.0,
                    0.0
                ],
                [
                    -0.0,
                    0.8660253882408142,
                    -0.5,
                    -2.035017251968384
                ],
                [
                    -0.0,
                    -0.5,
                    -0.8660253882408142,
                    -3.5247530937194824
                ],
                [
                    0.0,
                    0.0,
                    0.0,
                    1.0
                ]
            ]
        },
        {
            "file_path": "nerf_img_rotateXY[60,60].png",
            "transform_matrix": [
                [
                    -0.4999999701976776,
                    -0.4330127239227295,
                    -0.75,
                    -3.052525758743286
                ],
                [
                    -0.0,
                    0.8660253882408142,
                    -0.5,
                    -2.035017251968384
                ],
                [
                    0.866025447845459,
                    -0.2499999850988388,
                    -0.4330126643180847,
                    -1.7623764276504517
                ],
                [
                    0.0,
                    0.0,
                    0.0,
                    1.0
                ]
            ]
        },
        {
            "file_path": "nerf_img_rotateXY[60,120].png",
            "transform_matrix": [
                [
                    0.5000000596046448,
                    -0.4330126941204071,
                    -0.75,
                    -3.052525758743286
                ],
                [
                    -0.0,
                    0.8660253882408142,
                    -0.5,
                    -2.035017251968384
                ],
                [
                    0.8660253882408142,
                    0.2500000298023224,
                    0.4330127537250519,
                    1.7623769044876099
                ],
                [
                    0.0,
                    0.0,
                    0.0,
                    1.0
                ]
            ]
        },
        {
            "file_path": "nerf_img_rotateXY[60,180].png",
            "transform_matrix": [
                [
                    1.0,
                    -4.371138828673793e-08,
                    -7.571034643660823e-08,
                    3.1746029094392725e-07
                ],
                [
                    -0.0,
                    0.8660253882408142,
                    -0.5,
                    -2.035017251968384
                ],
                [
                    8.742277657347586e-08,
                    0.5,
                    0.8660253882408142,
                    3.5247530937194824
                ],
                [
                    0.0,
                    0.0,
                    0.0,
                    1.0
                ]
            ]
        },
        {
            "file_path": "nerf_img_rotateXY[60,240].png",
            "transform_matrix": [
                [
                    0.5000000596046448,
                    0.4330126941204071,
                    0.75,
                    3.052525758743286
                ],
                [
                    -0.0,
                    0.8660253882408142,
                    -0.5,
                    -2.035017251968384
                ],
                [
                    -0.8660253882408142,
                    0.2500000298023224,
                    0.4330127537250519,
                    1.762376308441162
                ],
                [
                    0.0,
                    0.0,
                    0.0,
                    1.0
                ]
            ]
        },
        {
            "file_path": "nerf_img_rotateXY[60,300].png",
            "transform_matrix": [
                [
                    -0.4999999701976776,
                    0.4330127239227295,
                    0.75,
                    3.052525758743286
                ],
                [
                    -0.0,
                    0.8660253882408142,
                    -0.5,
                    -2.035017251968384
                ],
                [
                    -0.866025447845459,
                    -0.2499999850988388,
                    -0.4330126643180847,
                    -1.762376308441162
                ],
                [
                    0.0,
                    0.0,
                    0.0,
                    1.0
                ]
            ]
        },
        {
            "file_path": "nerf_img_rotateXY[90,0].png",
            "transform_matrix": [
                [
                    -1.0,
                    0.0,
                    -0.0,
                    0.0
                ],
                [
                    -0.0,
                    1.0,
                    -0.0,
                    0.0
                ],
                [
                    -0.0,
                    0.0,
                    -1.0,
                    -4.070034503936768
                ],
                [
                    0.0,
                    0.0,
                    0.0,
                    1.0
                ]
            ]
        },
        {
            "file_path": "nerf_img_rotateXY[90,60].png",
            "transform_matrix": [
                [
                    -0.4999999701976776,
                    0.0,
                    -0.866025447845459,
                    -3.5247533321380615
                ],
                [
                    -0.0,
                    1.0,
                    -0.0,
                    0.0
                ],
                [
                    0.866025447845459,
                    0.0,
                    -0.4999999701976776,
                    -2.0350170135498047
                ],
                [
                    0.0,
                    0.0,
                    0.0,
                    1.0
                ]
            ]
        },
        {
            "file_path": "nerf_img_rotateXY[90,120].png",
            "transform_matrix": [
                [
                    0.5000000596046448,
                    0.0,
                    -0.8660253882408142,
                    -3.5247530937194824
                ],
                [
                    -0.0,
                    1.0,
                    -0.0,
                    0.0
                ],
                [
                    0.8660253882408142,
                    0.0,
                    0.5000000596046448,
                    2.035017490386963
                ],
                [
                    0.0,
                    0.0,
                    0.0,
                    1.0
                ]
            ]
        },
        {
            "file_path": "nerf_img_rotateXY[90,180].png",
            "transform_matrix": [
                [
                    1.0,
                    0.0,
                    -8.742277657347586e-08,
                    3.571428521809139e-07
                ],
                [
                    -0.0,
                    1.0,
                    -0.0,
                    0.0
                ],
                [
                    8.742277657347586e-08,
                    0.0,
                    1.0,
                    4.070034503936768
                ],
                [
                    0.0,
                    0.0,
                    0.0,
                    1.0
                ]
            ]
        },
        {
            "file_path": "nerf_img_rotateXY[90,240].png",
            "transform_matrix": [
                [
                    0.5000000596046448,
                    0.0,
                    0.8660253882408142,
                    3.5247533321380615
                ],
                [
                    -0.0,
                    1.0,
                    -0.0,
                    0.0
                ],
                [
                    -0.8660253882408142,
                    0.0,
                    0.5000000596046448,
                    2.0350167751312256
                ],
                [
                    0.0,
                    0.0,
                    0.0,
                    1.0
                ]
            ]
        },
        {
            "file_path": "nerf_img_rotateXY[90,300].png",
            "transform_matrix": [
                [
                    -0.49999988079071045,
                    0.0,
                    0.8660255074501038,
                    3.5247533321380615
                ],
                [
                    -0.0,
                    1.0,
                    -0.0,
                    0.0
                ],
                [
                    -0.8660255074501038,
                    0.0,
                    -0.49999988079071045,
                    -2.0350167751312256
                ],
                [
                    0.0,
                    0.0,
                    0.0,
                    1.0
                ]
            ]
        },
        {
            "file_path": "nerf_img_rotateXY[120,0].png",
            "transform_matrix": [
                [
                    -1.0,
                    0.0,
                    -0.0,
                    0.0
                ],
                [
                    -0.0,
                    0.8660253882408142,
                    0.5,
                    2.035017251968384
                ],
                [
                    -0.0,
                    0.5,
                    -0.8660253882408142,
                    -3.5247530937194824
                ],
                [
                    0.0,
                    0.0,
                    0.0,
                    1.0
                ]
            ]
        },
        {
            "file_path": "nerf_img_rotateXY[120,60].png",
            "transform_matrix": [
                [
                    -0.4999999701976776,
                    0.4330127239227295,
                    -0.75,
                    -3.052525758743286
                ],
                [
                    -0.0,
                    0.8660253882408142,
                    0.5,
                    2.035017251968384
                ],
                [
                    0.866025447845459,
                    0.2499999850988388,
                    -0.4330126643180847,
                    -1.7623764276504517
                ],
                [
                    0.0,
                    0.0,
                    0.0,
                    1.0
                ]
            ]
        },
        {
            "file_path": "nerf_img_rotateXY[120,120].png",
            "transform_matrix": [
                [
                    0.5000000596046448,
                    0.4330126941204071,
                    -0.75,
                    -3.052525758743286
                ],
                [
                    -0.0,
                    0.8660253882408142,
                    0.5,
                    2.035017251968384
                ],
                [
                    0.8660253882408142,
                    -0.2500000298023224,
                    0.4330127537250519,
                    1.7623769044876099
                ],
                [
                    0.0,
                    0.0,
                    0.0,
                    1.0
                ]
            ]
        },
        {
            "file_path": "nerf_img_rotateXY[120,180].png",
            "transform_matrix": [
                [
                    1.0,
                    4.371138828673793e-08,
                    -7.571034643660823e-08,
                    3.1746029094392725e-07
                ],
                [
                    -0.0,
                    0.8660253882408142,
                    0.5,
                    2.035017251968384
                ],
                [
                    8.742277657347586e-08,
                    -0.5,
                    0.8660253882408142,
                    3.5247530937194824
                ],
                [
                    0.0,
                    0.0,
                    0.0,
                    1.0
                ]
            ]
        },
        {
            "file_path": "nerf_img_rotateXY[120,240].png",
            "transform_matrix": [
                [
                    0.5000000596046448,
                    -0.4330126941204071,
                    0.75,
                    3.052525758743286
                ],
                [
                    -0.0,
                    0.8660253882408142,
                    0.5,
                    2.035017251968384
                ],
                [
                    -0.8660253882408142,
                    -0.2500000298023224,
                    0.4330127537250519,
                    1.762376308441162
                ],
                [
                    0.0,
                    0.0,
                    0.0,
                    1.0
                ]
            ]
        },
        {
            "file_path": "nerf_img_rotateXY[120,300].png",
            "transform_matrix": [
                [
                    -0.4999999701976776,
                    -0.4330127239227295,
                    0.75,
                    3.052525758743286
                ],
                [
                    -0.0,
                    0.8660253882408142,
                    0.5,
                    2.035017251968384
                ],
                [
                    -0.866025447845459,
                    0.2499999850988388,
                    -0.4330126643180847,
                    -1.762376308441162
                ],
                [
                    0.0,
                    0.0,
                    0.0,
                    1.0
                ]
            ]
        },
        {
            "file_path": "nerf_img_rotateXY[150,0].png",
            "transform_matrix": [
                [
                    -1.0,
                    0.0,
                    -0.0,
                    0.0
                ],
                [
                    -0.0,
                    0.4999999701976776,
                    0.866025447845459,
                    3.5247533321380615
                ],
                [
                    -0.0,
                    0.866025447845459,
                    -0.4999999701976776,
                    -2.0350170135498047
                ],
                [
                    0.0,
                    0.0,
                    0.0,
                    1.0
                ]
            ]
        },
        {
            "file_path": "nerf_img_rotateXY[150,60].png",
            "transform_matrix": [
                [
                    -0.4999999701976776,
                    0.7500000596046448,
                    -0.4330126941204071,
                    -1.7623765468597412
                ],
                [
                    -0.0,
                    0.4999999701976776,
                    0.866025447845459,
                    3.5247533321380615
                ],
                [
                    0.866025447845459,
                    0.4330126941204071,
                    -0.2499999701976776,
                    -1.0175083875656128
                ],
                [
                    0.0,
                    0.0,
                    0.0,
                    1.0
                ]
            ]
        },
        {
            "file_path": "nerf_img_rotateXY[150,120].png",
            "transform_matrix": [
                [
                    0.5000000596046448,
                    0.75,
                    -0.4330126643180847,
                    -1.7623764276504517
                ],
                [
                    -0.0,
                    0.4999999701976776,
                    0.866025447845459,
                    3.5247533321380615
                ],
                [
                    0.8660253882408142,
                    -0.43301278352737427,
                    0.25,
                    1.017508625984192
                ],
                [
                    0.0,
                    0.0,
                    0.0,
                    1.0
                ]
            ]
        },
        {
            "file_path": "nerf_img_rotateXY[150,180].png",
            "transform_matrix": [
                [
                    1.0,
                    7.571034643660823e-08,
                    -4.371138473402425e-08,
                    1.5873014547196362e-07
                ],
                [
                    -0.0,
                    0.4999999701976776,
                    0.866025447845459,
                    3.5247533321380615
                ],
                [
                    8.742277657347586e-08,
                    -0.866025447845459,
                    0.4999999701976776,
                    2.0350170135498047
                ],
                [
                    0.0,
                    0.0,
                    0.0,
                    1.0
                ]
            ]
        },
        {
            "file_path": "nerf_img_rotateXY[150,240].png",
            "transform_matrix": [
                [
                    0.5000000596046448,
                    -0.75,
                    0.4330126643180847,
                    1.7623765468597412
                ],
                [
                    -0.0,
                    0.4999999701976776,
                    0.866025447845459,
                    3.5247533321380615
                ],
                [
                    -0.8660253882408142,
                    -0.43301278352737427,
                    0.25,
                    1.0175083875656128
                ],
                [
                    0.0,
                    0.0,
                    0.0,
                    1.0
                ]
            ]
        },
        {
            "file_path": "nerf_img_rotateXY[150,300].png",
            "transform_matrix": [
                [
                    -0.49999988079071045,
                    -0.7500001192092896,
                    0.4330127239227295,
                    1.7623765468597412
                ],
                [
                    -0.0,
                    0.4999999701976776,
                    0.866025447845459,
                    3.5247533321380615
                ],
                [
                    -0.8660255074501038,
                    0.43301263451576233,
                    -0.24999992549419403,
                    -1.0175083875656128
                ],
                [
                    0.0,
                    0.0,
                    0.0,
                    1.0
                ]
            ]
        },
        {
            "file_path": "nerf_img_rotateXY[180,0].png",
            "transform_matrix": [
                [
                    -1.0,
                    0.0,
                    -0.0,
                    0.0
                ],
                [
                    -0.0,
                    -4.371138828673793e-08,
                    1.0,
                    4.070034503936768
                ],
                [
                    -0.0,
                    1.0,
                    4.371138828673793e-08,
                    1.5873014547196362e-07
                ],
                [
                    0.0,
                    0.0,
                    0.0,
                    1.0
                ]
            ]
        }
    ],
    "h": 825,
    "is_fisheye": false,
    "w": 825
}