{
    "aabb_scale": 1,
    "camera_angle_y": 0.5061454772949219,
    "frames": [
        {
            "file_path": "nerf_img_rotateXY[0,0].png",
            "transform_matrix": [
                [
                    -1.0,
                    0.0,
                    -0.0,
                    0.0
                ],
                [
                    -0.0,
                    -4.371138828673793e-08,
                    -1.0,
                    -3.902740240097046
                ],
                [
                    -0.0,
                    -1.0,
                    4.371138828673793e-08,
                    1.56249996052793e-07
                ],
                [
                    0.0,
                    0.0,
                    0.0,
                    1.0
                ]
            ]
        },
        {
            "file_path": "nerf_img_rotateXY[30,0].png",
            "transform_matrix": [
                [
                    -1.0,
                    0.0,
                    -0.0,
                    0.0
                ],
                [
                    -0.0,
                    0.4999999701976776,
                    -0.866025447845459,
                    -3.3798723220825195
                ],
                [
                    -0.0,
                    -0.866025447845459,
                    -0.4999999701976776,
                    -1.9513700008392334
                ],
                [
                    0.0,
                    0.0,
                    0.0,
                    1.0
                ]
            ]
        },
        {
            "file_path": "nerf_img_rotateXY[30,60].png",
            "transform_matrix": [
                [
                    -0.4999999701976776,
                    -0.7500000596046448,
                    -0.4330126941204071,
                    -1.6899360418319702
                ],
                [
                    -0.0,
                    0.4999999701976776,
                    -0.866025447845459,
                    -3.3798723220825195
                ],
                [
                    0.866025447845459,
                    -0.4330126941204071,
                    -0.2499999701976776,
                    -0.9756848812103271
                ],
                [
                    0.0,
                    0.0,
                    0.0,
                    1.0
                ]
            ]
        },
        {
            "file_path": "nerf_img_rotateXY[30,120].png",
            "transform_matrix": [
                [
                    0.5000000596046448,
                    -0.75,
                    -0.4330126643180847,
                    -1.6899359226226807
                ],
                [
                    -0.0,
                    0.4999999701976776,
                    -0.866025447845459,
                    -3.3798723220825195
                ],
                [
                    0.8660253882408142,
                    0.43301278352737427,
                    0.25,
                    0.9756850600242615
                ],
                [
                    0.0,
                    0.0,
                    0.0,
                    1.0
                ]
            ]
        },
        {
            "file_path": "nerf_img_rotateXY[30,180].png",
            "transform_matrix": [
                [
                    1.0,
                    -7.571034643660823e-08,
                    -4.371138473402425e-08,
                    1.56249996052793e-07
                ],
                [
                    -0.0,
                    0.4999999701976776,
                    -0.866025447845459,
                    -3.3798723220825195
                ],
                [
                    8.742277657347586e-08,
                    0.866025447845459,
                    0.4999999701976776,
                    1.9513700008392334
                ],
                [
                    0.0,
                    0.0,
                    0.0,
                    1.0
                ]
            ]
        },
        {
            "file_path": "nerf_img_rotateXY[30,240].png",
            "transform_matrix": [
                [
                    0.5000000596046448,
                    0.75,
                    0.4330126643180847,
                    1.6899360418319702
                ],
                [
                    -0.0,
                    0.4999999701976776,
                    -0.866025447845459,
                    -3.3798723220825195
                ],
                [
                    -0.8660253882408142,
                    0.43301278352737427,
                    0.25,
                    0.9756848216056824
                ],
                [
                    0.0,
                    0.0,
                    0.0,
                    1.0
                ]
            ]
        },
        {
            "file_path": "nerf_img_rotateXY[30,300].png",
            "transform_matrix": [
                [
                    -0.49999988079071045,
                    0.7500001192092896,
                    0.4330127239227295,
                    1.6899360418319702
                ],
                [
                    -0.0,
                    0.4999999701976776,
                    -0.866025447845459,
                    -3.3798723220825195
                ],
                [
                    -0.8660255074501038,
                    -0.43301263451576233,
                    -0.24999992549419403,
                    -0.9756848216056824
                ],
                [
                    0.0,
                    0.0,
                    0.0,
                    1.0
                ]
            ]
        },
        {
            "file_path": "nerf_img_rotateXY[60,0].png",
            "transform_matrix": [
                [
                    -1.0,
                    0.0,
                    -0.0,
                    0.0
                ],
                [
                    -0.0,
                    0.8660253882408142,
                    -0.5,
                    -1.951370120048523
                ],
                [
                    -0.0,
                    -0.5,
                    -0.8660253882408142,
                    -3.3798720836639404
                ],
                [
                    0.0,
                    0.0,
                    0.0,
                    1.0
                ]
            ]
        },
        {
            "file_path": "nerf_img_rotateXY[60,60].png",
            "transform_matrix": [
                [
                    -0.4999999701976776,
                    -0.4330127239227295,
                    -0.75,
                    -2.9270551204681396
                ],
                [
                    -0.0,
                    0.8660253882408142,
                    -0.5,
                    -1.951370120048523
                ],
                [
                    0.866025447845459,
                    -0.2499999850988388,
                    -0.4330126643180847,
                    -1.6899359226226807
                ],
                [
                    0.0,
                    0.0,
                    0.0,
                    1.0
                ]
            ]
        },
        {
            "file_path": "nerf_img_rotateXY[60,120].png",
            "transform_matrix": [
                [
                    0.5000000596046448,
                    -0.4330126941204071,
                    -0.75,
                    -2.9270551204681396
                ],
                [
                    -0.0,
                    0.8660253882408142,
                    -0.5,
                    -1.951370120048523
                ],
                [
                    0.8660253882408142,
                    0.2500000298023224,
                    0.4330127537250519,
                    1.6899361610412598
                ],
                [
                    0.0,
                    0.0,
                    0.0,
                    1.0
                ]
            ]
        },
        {
            "file_path": "nerf_img_rotateXY[60,180].png",
            "transform_matrix": [
                [
                    1.0,
                    -4.371138828673793e-08,
                    -7.571034643660823e-08,
                    3.12499992105586e-07
                ],
                [
                    -0.0,
                    0.8660253882408142,
                    -0.5,
                    -1.951370120048523
                ],
                [
                    8.742277657347586e-08,
                    0.5,
                    0.8660253882408142,
                    3.3798720836639404
                ],
                [
                    0.0,
                    0.0,
                    0.0,
                    1.0
                ]
            ]
        },
        {
            "file_path": "nerf_img_rotateXY[60,240].png",
            "transform_matrix": [
                [
                    0.5000000596046448,
                    0.4330126941204071,
                    0.75,
                    2.9270551204681396
                ],
                [
                    -0.0,
                    0.8660253882408142,
                    -0.5,
                    -1.951370120048523
                ],
                [
                    -0.8660253882408142,
                    0.2500000298023224,
                    0.4330127537250519,
                    1.6899356842041016
                ],
                [
                    0.0,
                    0.0,
                    0.0,
                    1.0
                ]
            ]
        },
        {
            "file_path": "nerf_img_rotateXY[60,300].png",
            "transform_matrix": [
                [
                    -0.49999988079071045,
                    0.4330127537250519,
                    0.7500000596046448,
                    2.9270551204681396
                ],
                [
                    -0.0,
                    0.8660253882408142,
                    -0.5,
                    -1.951370120048523
                ],
                [
                    -0.8660255074501038,
                    -0.24999994039535522,
                    -0.43301260471343994,
                    -1.6899356842041016
                ],
                [
                    0.0,
                    0.0,
                    0.0,
                    1.0
                ]
            ]
        },
        {
            "file_path": "nerf_img_rotateXY[90,0].png",
            "transform_matrix": [
                [
                    -1.0,
                    0.0,
                    -0.0,
                    0.0
                ],
                [
                    -0.0,
                    1.0,
                    -0.0,
                    0.0
                ],
                [
                    -0.0,
                    0.0,
                    -1.0,
                    -3.902740240097046
                ],
                [
                    0.0,
                    0.0,
                    0.0,
                    1.0
                ]
            ]
        },
        {
            "file_path": "nerf_img_rotateXY[90,60].png",
            "transform_matrix": [
                [
                    -0.4999999701976776,
                    0.0,
                    -0.866025447845459,
                    -3.3798723220825195
                ],
                [
                    -0.0,
                    1.0,
                    -0.0,
                    0.0
                ],
                [
                    0.866025447845459,
                    0.0,
                    -0.4999999701976776,
                    -1.9513700008392334
                ],
                [
                    0.0,
                    0.0,
                    0.0,
                    1.0
                ]
            ]
        },
        {
            "file_path": "nerf_img_rotateXY[90,120].png",
            "transform_matrix": [
                [
                    0.5000000596046448,
                    0.0,
                    -0.8660253882408142,
                    -3.3798720836639404
                ],
                [
                    -0.0,
                    1.0,
                    -0.0,
                    0.0
                ],
                [
                    0.8660253882408142,
                    0.0,
                    0.5000000596046448,
                    1.951370358467102
                ],
                [
                    0.0,
                    0.0,
                    0.0,
                    1.0
                ]
            ]
        },
        {
            "file_path": "nerf_img_rotateXY[90,180].png",
            "transform_matrix": [
                [
                    1.0,
                    0.0,
                    -8.742277657347586e-08,
                    3.5156250532963895e-07
                ],
                [
                    -0.0,
                    1.0,
                    -0.0,
                    0.0
                ],
                [
                    8.742277657347586e-08,
                    0.0,
                    1.0,
                    3.902740240097046
                ],
                [
                    0.0,
                    0.0,
                    0.0,
                    1.0
                ]
            ]
        },
        {
            "file_path": "nerf_img_rotateXY[90,240].png",
            "transform_matrix": [
                [
                    0.5000000596046448,
                    0.0,
                    0.8660253882408142,
                    3.3798723220825195
                ],
                [
                    -0.0,
                    1.0,
                    -0.0,
                    0.0
                ],
                [
                    -0.8660253882408142,
                    0.0,
                    0.5000000596046448,
                    1.9513697624206543
                ],
                [
                    0.0,
                    0.0,
                    0.0,
                    1.0
                ]
            ]
        },
        {
            "file_path": "nerf_img_rotateXY[90,300].png",
            "transform_matrix": [
                [
                    -0.49999988079071045,
                    0.0,
                    0.8660255074501038,
                    3.3798723220825195
                ],
                [
                    -0.0,
                    1.0,
                    -0.0,
                    0.0
                ],
                [
                    -0.8660255074501038,
                    0.0,
                    -0.49999988079071045,
                    -1.9513697624206543
                ],
                [
                    0.0,
                    0.0,
                    0.0,
                    1.0
                ]
            ]
        },
        {
            "file_path": "nerf_img_rotateXY[120,0].png",
            "transform_matrix": [
                [
                    -1.0,
                    0.0,
                    -0.0,
                    0.0
                ],
                [
                    -0.0,
                    0.8660253882408142,
                    0.5,
                    1.951370120048523
                ],
                [
                    -0.0,
                    0.5,
                    -0.8660253882408142,
                    -3.3798720836639404
                ],
                [
                    0.0,
                    0.0,
                    0.0,
                    1.0
                ]
            ]
        },
        {
            "file_path": "nerf_img_rotateXY[120,60].png",
            "transform_matrix": [
                [
                    -0.4999999701976776,
                    0.4330127239227295,
                    -0.75,
                    -2.9270551204681396
                ],
                [
                    -0.0,
                    0.8660253882408142,
                    0.5,
                    1.951370120048523
                ],
                [
                    0.866025447845459,
                    0.2499999850988388,
                    -0.4330126643180847,
                    -1.6899359226226807
                ],
                [
                    0.0,
                    0.0,
                    0.0,
                    1.0
                ]
            ]
        },
        {
            "file_path": "nerf_img_rotateXY[120,120].png",
            "transform_matrix": [
                [
                    0.5000000596046448,
                    0.4330126941204071,
                    -0.75,
                    -2.9270551204681396
                ],
                [
                    -0.0,
                    0.8660253882408142,
                    0.5,
                    1.951370120048523
                ],
                [
                    0.8660253882408142,
                    -0.2500000298023224,
                    0.4330127537250519,
                    1.6899361610412598
                ],
                [
                    0.0,
                    0.0,
                    0.0,
                    1.0
                ]
            ]
        },
        {
            "file_path": "nerf_img_rotateXY[120,180].png",
            "transform_matrix": [
                [
                    1.0,
                    4.371138828673793e-08,
                    -7.571034643660823e-08,
                    3.12499992105586e-07
                ],
                [
                    -0.0,
                    0.8660253882408142,
                    0.5,
                    1.951370120048523
                ],
                [
                    8.742277657347586e-08,
                    -0.5,
                    0.8660253882408142,
                    3.3798720836639404
                ],
                [
                    0.0,
                    0.0,
                    0.0,
                    1.0
                ]
            ]
        },
        {
            "file_path": "nerf_img_rotateXY[120,240].png",
            "transform_matrix": [
                [
                    0.5000000596046448,
                    -0.4330126941204071,
                    0.75,
                    2.9270551204681396
                ],
                [
                    -0.0,
                    0.8660253882408142,
                    0.5,
                    1.951370120048523
                ],
                [
                    -0.8660253882408142,
                    -0.2500000298023224,
                    0.4330127537250519,
                    1.6899356842041016
                ],
                [
                    0.0,
                    0.0,
                    0.0,
                    1.0
                ]
            ]
        },
        {
            "file_path": "nerf_img_rotateXY[120,300].png",
            "transform_matrix": [
                [
                    -0.49999988079071045,
                    -0.4330127537250519,
                    0.7500000596046448,
                    2.9270551204681396
                ],
                [
                    -0.0,
                    0.8660253882408142,
                    0.5,
                    1.951370120048523
                ],
                [
                    -0.8660255074501038,
                    0.24999994039535522,
                    -0.43301260471343994,
                    -1.6899356842041016
                ],
                [
                    0.0,
                    0.0,
                    0.0,
                    1.0
                ]
            ]
        },
        {
            "file_path": "nerf_img_rotateXY[150,0].png",
            "transform_matrix": [
                [
                    -1.0,
                    0.0,
                    -0.0,
                    0.0
                ],
                [
                    -0.0,
                    0.4999999701976776,
                    0.866025447845459,
                    3.3798723220825195
                ],
                [
                    -0.0,
                    0.866025447845459,
                    -0.4999999701976776,
                    -1.9513700008392334
                ],
                [
                    0.0,
                    0.0,
                    0.0,
                    1.0
                ]
            ]
        },
        {
            "file_path": "nerf_img_rotateXY[150,60].png",
            "transform_matrix": [
                [
                    -0.4999999701976776,
                    0.7500000596046448,
                    -0.4330126941204071,
                    -1.6899360418319702
                ],
                [
                    -0.0,
                    0.4999999701976776,
                    0.866025447845459,
                    3.3798723220825195
                ],
                [
                    0.866025447845459,
                    0.4330126941204071,
                    -0.2499999701976776,
                    -0.9756848812103271
                ],
                [
                    0.0,
                    0.0,
                    0.0,
                    1.0
                ]
            ]
        },
        {
            "file_path": "nerf_img_rotateXY[150,120].png",
            "transform_matrix": [
                [
                    0.5000000596046448,
                    0.75,
                    -0.4330126643180847,
                    -1.6899359226226807
                ],
                [
                    -0.0,
                    0.4999999701976776,
                    0.866025447845459,
                    3.3798723220825195
                ],
                [
                    0.8660253882408142,
                    -0.43301278352737427,
                    0.25,
                    0.9756850600242615
                ],
                [
                    0.0,
                    0.0,
                    0.0,
                    1.0
                ]
            ]
        },
        {
            "file_path": "nerf_img_rotateXY[150,180].png",
            "transform_matrix": [
                [
                    1.0,
                    7.571034643660823e-08,
                    -4.371138473402425e-08,
                    1.56249996052793e-07
                ],
                [
                    -0.0,
                    0.4999999701976776,
                    0.866025447845459,
                    3.3798723220825195
                ],
                [
                    8.742277657347586e-08,
                    -0.866025447845459,
                    0.4999999701976776,
                    1.9513700008392334
                ],
                [
                    0.0,
                    0.0,
                    0.0,
                    1.0
                ]
            ]
        },
        {
            "file_path": "nerf_img_rotateXY[150,240].png",
            "transform_matrix": [
                [
                    0.5000000596046448,
                    -0.75,
                    0.4330126643180847,
                    1.6899360418319702
                ],
                [
                    -0.0,
                    0.4999999701976776,
                    0.866025447845459,
                    3.3798723220825195
                ],
                [
                    -0.8660253882408142,
                    -0.43301278352737427,
                    0.25,
                    0.9756848216056824
                ],
                [
                    0.0,
                    0.0,
                    0.0,
                    1.0
                ]
            ]
        },
        {
            "file_path": "nerf_img_rotateXY[150,300].png",
            "transform_matrix": [
                [
                    -0.49999988079071045,
                    -0.7500001192092896,
                    0.4330127239227295,
                    1.6899360418319702
                ],
                [
                    -0.0,
                    0.4999999701976776,
                    0.866025447845459,
                    3.3798723220825195
                ],
                [
                    -0.8660255074501038,
                    0.43301263451576233,
                    -0.24999992549419403,
                    -0.9756848216056824
                ],
                [
                    0.0,
                    0.0,
                    0.0,
                    1.0
                ]
            ]
        },
        {
            "file_path": "nerf_img_rotateXY[180,0].png",
            "transform_matrix": [
                [
                    -1.0,
                    0.0,
                    -0.0,
                    0.0
                ],
                [
                    -0.0,
                    -4.371138828673793e-08,
                    1.0,
                    3.902740240097046
                ],
                [
                    -0.0,
                    1.0,
                    4.371138828673793e-08,
                    1.56249996052793e-07
                ],
                [
                    0.0,
                    0.0,
                    0.0,
                    1.0
                ]
            ]
        }
    ],
    "h": 1178,
    "is_fisheye": false,
    "w": 1178
}