{
    "aabb_scale": 1,
    "camera_angle_y": 0.5061454772949219,
    "frames": [
        {
            "file_path": "nerf_img_rotateXY[0,0].png",
            "transform_matrix": [
                [
                    -1.0,
                    0.0,
                    -0.0,
                    0.0
                ],
                [
                    -0.0,
                    -4.371138828673793e-08,
                    -1.0,
                    -1.9973968267440796
                ],
                [
                    -0.0,
                    -1.0,
                    4.371138828673793e-08,
                    8.67678977556352e-08
                ],
                [
                    0.0,
                    0.0,
                    0.0,
                    1.0
                ]
            ]
        },
        {
            "file_path": "nerf_img_rotateXY[30,0].png",
            "transform_matrix": [
                [
                    -1.0,
                    0.0,
                    -0.0,
                    0.0
                ],
                [
                    -0.0,
                    0.4999999701976776,
                    -0.866025447845459,
                    -1.7297965288162231
                ],
                [
                    -0.0,
                    -0.866025447845459,
                    -0.4999999701976776,
                    -0.9986982941627502
                ],
                [
                    0.0,
                    0.0,
                    0.0,
                    1.0
                ]
            ]
        },
        {
            "file_path": "nerf_img_rotateXY[30,60].png",
            "transform_matrix": [
                [
                    -0.4999999701976776,
                    -0.7500000596046448,
                    -0.4330126941204071,
                    -0.8648982048034668
                ],
                [
                    -0.0,
                    0.4999999701976776,
                    -0.866025447845459,
                    -1.7297965288162231
                ],
                [
                    0.866025447845459,
                    -0.4330126941204071,
                    -0.2499999701976776,
                    -0.4993491470813751
                ],
                [
                    0.0,
                    0.0,
                    0.0,
                    1.0
                ]
            ]
        },
        {
            "file_path": "nerf_img_rotateXY[30,120].png",
            "transform_matrix": [
                [
                    0.5000000596046448,
                    -0.75,
                    -0.4330126643180847,
                    -0.864898145198822
                ],
                [
                    -0.0,
                    0.4999999701976776,
                    -0.866025447845459,
                    -1.7297965288162231
                ],
                [
                    0.8660253882408142,
                    0.43301278352737427,
                    0.25,
                    0.4993492066860199
                ],
                [
                    0.0,
                    0.0,
                    0.0,
                    1.0
                ]
            ]
        },
        {
            "file_path": "nerf_img_rotateXY[30,180].png",
            "transform_matrix": [
                [
                    1.0,
                    -7.571034643660823e-08,
                    -4.371138473402425e-08,
                    8.67678977556352e-08
                ],
                [
                    -0.0,
                    0.4999999701976776,
                    -0.866025447845459,
                    -1.7297965288162231
                ],
                [
                    8.742277657347586e-08,
                    0.866025447845459,
                    0.4999999701976776,
                    0.9986982941627502
                ],
                [
                    0.0,
                    0.0,
                    0.0,
                    1.0
                ]
            ]
        },
        {
            "file_path": "nerf_img_rotateXY[30,240].png",
            "transform_matrix": [
                [
                    0.5000000596046448,
                    0.75,
                    0.4330126643180847,
                    0.8648982048034668
                ],
                [
                    -0.0,
                    0.4999999701976776,
                    -0.866025447845459,
                    -1.7297965288162231
                ],
                [
                    -0.8660253882408142,
                    0.43301278352737427,
                    0.25,
                    0.49934908747673035
                ],
                [
                    0.0,
                    0.0,
                    0.0,
                    1.0
                ]
            ]
        },
        {
            "file_path": "nerf_img_rotateXY[30,300].png",
            "transform_matrix": [
                [
                    -0.49999988079071045,
                    0.7500001192092896,
                    0.4330127239227295,
                    0.8648982048034668
                ],
                [
                    -0.0,
                    0.4999999701976776,
                    -0.866025447845459,
                    -1.7297965288162231
                ],
                [
                    -0.8660255074501038,
                    -0.43301263451576233,
                    -0.24999992549419403,
                    -0.49934908747673035
                ],
                [
                    0.0,
                    0.0,
                    0.0,
                    1.0
                ]
            ]
        },
        {
            "file_path": "nerf_img_rotateXY[60,0].png",
            "transform_matrix": [
                [
                    -1.0,
                    0.0,
                    -0.0,
                    0.0
                ],
                [
                    -0.0,
                    0.8660253882408142,
                    -0.5,
                    -0.9986984133720398
                ],
                [
                    -0.0,
                    -0.5,
                    -0.8660253882408142,
                    -1.7297964096069336
                ],
                [
                    0.0,
                    0.0,
                    0.0,
                    1.0
                ]
            ]
        },
        {
            "file_path": "nerf_img_rotateXY[60,60].png",
            "transform_matrix": [
                [
                    -0.4999999701976776,
                    -0.4330127239227295,
                    -0.75,
                    -1.4980475902557373
                ],
                [
                    -0.0,
                    0.8660253882408142,
                    -0.5,
                    -0.9986984133720398
                ],
                [
                    0.866025447845459,
                    -0.2499999850988388,
                    -0.4330126643180847,
                    -0.864898145198822
                ],
                [
                    0.0,
                    0.0,
                    0.0,
                    1.0
                ]
            ]
        },
        {
            "file_path": "nerf_img_rotateXY[60,120].png",
            "transform_matrix": [
                [
                    0.5000000596046448,
                    -0.4330126941204071,
                    -0.75,
                    -1.4980475902557373
                ],
                [
                    -0.0,
                    0.8660253882408142,
                    -0.5,
                    -0.9986984133720398
                ],
                [
                    0.8660253882408142,
                    0.2500000298023224,
                    0.4330127537250519,
                    0.8648983240127563
                ],
                [
                    0.0,
                    0.0,
                    0.0,
                    1.0
                ]
            ]
        },
        {
            "file_path": "nerf_img_rotateXY[60,180].png",
            "transform_matrix": [
                [
                    1.0,
                    -4.371138828673793e-08,
                    -7.571034643660823e-08,
                    1.4461315345215553e-07
                ],
                [
                    -0.0,
                    0.8660253882408142,
                    -0.5,
                    -0.9986984133720398
                ],
                [
                    8.742277657347586e-08,
                    0.5,
                    0.8660253882408142,
                    1.7297964096069336
                ],
                [
                    0.0,
                    0.0,
                    0.0,
                    1.0
                ]
            ]
        },
        {
            "file_path": "nerf_img_rotateXY[60,240].png",
            "transform_matrix": [
                [
                    0.5000000596046448,
                    0.4330126941204071,
                    0.75,
                    1.4980475902557373
                ],
                [
                    -0.0,
                    0.8660253882408142,
                    -0.5,
                    -0.9986984133720398
                ],
                [
                    -0.8660253882408142,
                    0.2500000298023224,
                    0.4330127537250519,
                    0.8648979663848877
                ],
                [
                    0.0,
                    0.0,
                    0.0,
                    1.0
                ]
            ]
        },
        {
            "file_path": "nerf_img_rotateXY[60,300].png",
            "transform_matrix": [
                [
                    -0.49999988079071045,
                    0.4330127537250519,
                    0.7500000596046448,
                    1.4980475902557373
                ],
                [
                    -0.0,
                    0.8660253882408142,
                    -0.5,
                    -0.9986984133720398
                ],
                [
                    -0.8660255074501038,
                    -0.24999994039535522,
                    -0.43301260471343994,
                    -0.8648979663848877
                ],
                [
                    0.0,
                    0.0,
                    0.0,
                    1.0
                ]
            ]
        },
        {
            "file_path": "nerf_img_rotateXY[90,0].png",
            "transform_matrix": [
                [
                    -1.0,
                    0.0,
                    -0.0,
                    0.0
                ],
                [
                    -0.0,
                    1.0,
                    -0.0,
                    0.0
                ],
                [
                    -0.0,
                    0.0,
                    -1.0,
                    -1.9973968267440796
                ],
                [
                    0.0,
                    0.0,
                    0.0,
                    1.0
                ]
            ]
        },
        {
            "file_path": "nerf_img_rotateXY[90,60].png",
            "transform_matrix": [
                [
                    -0.4999999701976776,
                    0.0,
                    -0.866025447845459,
                    -1.7297965288162231
                ],
                [
                    -0.0,
                    1.0,
                    -0.0,
                    0.0
                ],
                [
                    0.866025447845459,
                    0.0,
                    -0.4999999701976776,
                    -0.9986982941627502
                ],
                [
                    0.0,
                    0.0,
                    0.0,
                    1.0
                ]
            ]
        },
        {
            "file_path": "nerf_img_rotateXY[90,120].png",
            "transform_matrix": [
                [
                    0.5000000596046448,
                    0.0,
                    -0.8660253882408142,
                    -1.7297964096069336
                ],
                [
                    -0.0,
                    1.0,
                    -0.0,
                    0.0
                ],
                [
                    0.8660253882408142,
                    0.0,
                    0.5000000596046448,
                    0.9986985325813293
                ],
                [
                    0.0,
                    0.0,
                    0.0,
                    1.0
                ]
            ]
        },
        {
            "file_path": "nerf_img_rotateXY[90,180].png",
            "transform_matrix": [
                [
                    1.0,
                    0.0,
                    -8.742277657347586e-08,
                    1.735357955112704e-07
                ],
                [
                    -0.0,
                    1.0,
                    -0.0,
                    0.0
                ],
                [
                    8.742277657347586e-08,
                    0.0,
                    1.0,
                    1.9973968267440796
                ],
                [
                    0.0,
                    0.0,
                    0.0,
                    1.0
                ]
            ]
        },
        {
            "file_path": "nerf_img_rotateXY[90,240].png",
            "transform_matrix": [
                [
                    0.5000000596046448,
                    0.0,
                    0.8660253882408142,
                    1.7297965288162231
                ],
                [
                    -0.0,
                    1.0,
                    -0.0,
                    0.0
                ],
                [
                    -0.8660253882408142,
                    0.0,
                    0.5000000596046448,
                    0.9986981749534607
                ],
                [
                    0.0,
                    0.0,
                    0.0,
                    1.0
                ]
            ]
        },
        {
            "file_path": "nerf_img_rotateXY[90,300].png",
            "transform_matrix": [
                [
                    -0.49999988079071045,
                    0.0,
                    0.8660255074501038,
                    1.7297965288162231
                ],
                [
                    -0.0,
                    1.0,
                    -0.0,
                    0.0
                ],
                [
                    -0.8660255074501038,
                    0.0,
                    -0.49999988079071045,
                    -0.9986981749534607
                ],
                [
                    0.0,
                    0.0,
                    0.0,
                    1.0
                ]
            ]
        },
        {
            "file_path": "nerf_img_rotateXY[120,0].png",
            "transform_matrix": [
                [
                    -1.0,
                    0.0,
                    -0.0,
                    0.0
                ],
                [
                    -0.0,
                    0.8660253882408142,
                    0.5,
                    0.9986984133720398
                ],
                [
                    -0.0,
                    0.5,
                    -0.8660253882408142,
                    -1.7297964096069336
                ],
                [
                    0.0,
                    0.0,
                    0.0,
                    1.0
                ]
            ]
        },
        {
            "file_path": "nerf_img_rotateXY[120,60].png",
            "transform_matrix": [
                [
                    -0.4999999701976776,
                    0.4330127239227295,
                    -0.75,
                    -1.4980475902557373
                ],
                [
                    -0.0,
                    0.8660253882408142,
                    0.5,
                    0.9986984133720398
                ],
                [
                    0.866025447845459,
                    0.2499999850988388,
                    -0.4330126643180847,
                    -0.864898145198822
                ],
                [
                    0.0,
                    0.0,
                    0.0,
                    1.0
                ]
            ]
        },
        {
            "file_path": "nerf_img_rotateXY[120,120].png",
            "transform_matrix": [
                [
                    0.5000000596046448,
                    0.4330126941204071,
                    -0.75,
                    -1.4980475902557373
                ],
                [
                    -0.0,
                    0.8660253882408142,
                    0.5,
                    0.9986984133720398
                ],
                [
                    0.8660253882408142,
                    -0.2500000298023224,
                    0.4330127537250519,
                    0.8648983240127563
                ],
                [
                    0.0,
                    0.0,
                    0.0,
                    1.0
                ]
            ]
        },
        {
            "file_path": "nerf_img_rotateXY[120,180].png",
            "transform_matrix": [
                [
                    1.0,
                    4.371138828673793e-08,
                    -7.571034643660823e-08,
                    1.4461315345215553e-07
                ],
                [
                    -0.0,
                    0.8660253882408142,
                    0.5,
                    0.9986984133720398
                ],
                [
                    8.742277657347586e-08,
                    -0.5,
                    0.8660253882408142,
                    1.7297964096069336
                ],
                [
                    0.0,
                    0.0,
                    0.0,
                    1.0
                ]
            ]
        },
        {
            "file_path": "nerf_img_rotateXY[120,240].png",
            "transform_matrix": [
                [
                    0.5000000596046448,
                    -0.4330126941204071,
                    0.75,
                    1.4980475902557373
                ],
                [
                    -0.0,
                    0.8660253882408142,
                    0.5,
                    0.9986984133720398
                ],
                [
                    -0.8660253882408142,
                    -0.2500000298023224,
                    0.4330127537250519,
                    0.8648979663848877
                ],
                [
                    0.0,
                    0.0,
                    0.0,
                    1.0
                ]
            ]
        },
        {
            "file_path": "nerf_img_rotateXY[120,300].png",
            "transform_matrix": [
                [
                    -0.49999988079071045,
                    -0.4330127537250519,
                    0.7500000596046448,
                    1.4980475902557373
                ],
                [
                    -0.0,
                    0.8660253882408142,
                    0.5,
                    0.9986984133720398
                ],
                [
                    -0.8660255074501038,
                    0.24999994039535522,
                    -0.43301260471343994,
                    -0.8648979663848877
                ],
                [
                    0.0,
                    0.0,
                    0.0,
                    1.0
                ]
            ]
        },
        {
            "file_path": "nerf_img_rotateXY[150,0].png",
            "transform_matrix": [
                [
                    -1.0,
                    0.0,
                    -0.0,
                    0.0
                ],
                [
                    -0.0,
                    0.4999999701976776,
                    0.866025447845459,
                    1.7297965288162231
                ],
                [
                    -0.0,
                    0.866025447845459,
                    -0.4999999701976776,
                    -0.9986982941627502
                ],
                [
                    0.0,
                    0.0,
                    0.0,
                    1.0
                ]
            ]
        },
        {
            "file_path": "nerf_img_rotateXY[150,60].png",
            "transform_matrix": [
                [
                    -0.4999999701976776,
                    0.7500000596046448,
                    -0.4330126941204071,
                    -0.8648982048034668
                ],
                [
                    -0.0,
                    0.4999999701976776,
                    0.866025447845459,
                    1.7297965288162231
                ],
                [
                    0.866025447845459,
                    0.4330126941204071,
                    -0.2499999701976776,
                    -0.4993491470813751
                ],
                [
                    0.0,
                    0.0,
                    0.0,
                    1.0
                ]
            ]
        },
        {
            "file_path": "nerf_img_rotateXY[150,120].png",
            "transform_matrix": [
                [
                    0.5000000596046448,
                    0.75,
                    -0.4330126643180847,
                    -0.864898145198822
                ],
                [
                    -0.0,
                    0.4999999701976776,
                    0.866025447845459,
                    1.7297965288162231
                ],
                [
                    0.8660253882408142,
                    -0.43301278352737427,
                    0.25,
                    0.4993492066860199
                ],
                [
                    0.0,
                    0.0,
                    0.0,
                    1.0
                ]
            ]
        },
        {
            "file_path": "nerf_img_rotateXY[150,180].png",
            "transform_matrix": [
                [
                    1.0,
                    7.571034643660823e-08,
                    -4.371138473402425e-08,
                    8.67678977556352e-08
                ],
                [
                    -0.0,
                    0.4999999701976776,
                    0.866025447845459,
                    1.7297965288162231
                ],
                [
                    8.742277657347586e-08,
                    -0.866025447845459,
                    0.4999999701976776,
                    0.9986982941627502
                ],
                [
                    0.0,
                    0.0,
                    0.0,
                    1.0
                ]
            ]
        },
        {
            "file_path": "nerf_img_rotateXY[150,240].png",
            "transform_matrix": [
                [
                    0.5000000596046448,
                    -0.75,
                    0.4330126643180847,
                    0.8648982048034668
                ],
                [
                    -0.0,
                    0.4999999701976776,
                    0.866025447845459,
                    1.7297965288162231
                ],
                [
                    -0.8660253882408142,
                    -0.43301278352737427,
                    0.25,
                    0.49934908747673035
                ],
                [
                    0.0,
                    0.0,
                    0.0,
                    1.0
                ]
            ]
        },
        {
            "file_path": "nerf_img_rotateXY[150,300].png",
            "transform_matrix": [
                [
                    -0.49999988079071045,
                    -0.7500001192092896,
                    0.4330127239227295,
                    0.8648982048034668
                ],
                [
                    -0.0,
                    0.4999999701976776,
                    0.866025447845459,
                    1.7297965288162231
                ],
                [
                    -0.8660255074501038,
                    0.43301263451576233,
                    -0.24999992549419403,
                    -0.49934908747673035
                ],
                [
                    0.0,
                    0.0,
                    0.0,
                    1.0
                ]
            ]
        },
        {
            "file_path": "nerf_img_rotateXY[180,0].png",
            "transform_matrix": [
                [
                    -1.0,
                    0.0,
                    -0.0,
                    0.0
                ],
                [
                    -0.0,
                    -4.371138828673793e-08,
                    1.0,
                    1.9973968267440796
                ],
                [
                    -0.0,
                    1.0,
                    4.371138828673793e-08,
                    8.67678977556352e-08
                ],
                [
                    0.0,
                    0.0,
                    0.0,
                    1.0
                ]
            ]
        }
    ],
    "h": 1815,
    "is_fisheye": false,
    "w": 1815
}